Certus1	
3476099912	0.296517669095 0.823336058061 0.483936987025 344.136199951172 0.944115690573 -0.329089712004 -0.018588283052 -296.825561523437 0.143954279994 0.462404257062 -0.874905405357 -1697.910034179687 0.000000000000 0.000000000000 0.000000000000 1.000000000000 |
3476099912	0.296045517144 0.824070427682 0.482975136005 344.269775390625 0.944232632462 -0.328799322412 -0.017769112941 -296.769927978516 0.144158896960 0.461301350313 -0.875453754705 -1697.731811523437 0.000000000000 0.000000000000 0.000000000000 1.000000000000 |
3476099912	0.295782089670 0.823920262556 0.483392548949 344.302459716797 0.944265694712 -0.328718866126 -0.017498709730 -296.748779296875 0.144482709070 0.461626805983 -0.875228792247 -1697.689819335937 0.000000000000 0.000000000000 0.000000000000 1.000000000000 |
3476099912	0.295276769561 0.823470439488 0.484466783842 344.366180419922 0.944414537854 -0.328285140816 -0.017608151813 -296.757843017578 0.144543453842 0.462736751953 -0.874632430420 -1697.627441406250 0.000000000000 0.000000000000 0.000000000000 1.000000000000 |
3476099912	0.295744019458 0.824227685825 0.482891495963 344.404266357422 0.944353827834 -0.328452554458 -0.017741683259 -296.608978271484 0.143983758840 0.461267429361 -0.875500448773 -1697.513793945312 0.000000000000 0.000000000000 0.000000000000 1.000000000000 |
3476099912	0.295714110196 0.823660345852 0.483876843527 344.457092285156 0.944261031471 -0.328732217449 -0.017499533015 -296.552429199219 0.144652236329 0.462080906208 -0.874961122932 -1697.618408203125 0.000000000000 0.000000000000 0.000000000000 1.000000000000 |
3476099912	0.295768981009 0.824597529934 0.482244360776 344.412231445312 0.944244378667 -0.328812438603 -0.016879975548 -296.552459716797 0.144648758128 0.460349099974 -0.875874102212 -1697.665405273437 0.000000000000 0.000000000000 0.000000000000 1.000000000000 |
3476099913	0.295169825645 0.824449511953 0.482864138520 344.429626464844 0.944300321001 -0.328694653162 -0.016022756938 -296.606079101562 0.145504906398 0.460698195376 -0.875548682251 -1697.681884765625 0.000000000000 0.000000000000 0.000000000000 1.000000000000 |
3476099913	0.295264479489 0.824590178589 0.482565979453 344.481872558594 0.944316387344 -0.328638423354 -0.016227978578 -296.712707519531 0.145208290898 0.460486508021 -0.875709271497 -1697.826416015625 0.000000000000 0.000000000000 0.000000000000 1.000000000000 |
3476099913	0.295673061749 0.824800382560 0.481956190422 344.512145996094 0.944283365781 -0.328706106254 -0.016769639837 -296.721557617187 0.144590337385 0.460061544406 -0.876034822193 -1697.825073242187 0.000000000000 0.000000000000 0.000000000000 1.000000000000 |
3476099913	0.296099363389 0.825551015907 0.480406793391 344.660614013672 0.944217217308 -0.328895444950 -0.016781919722 -296.675384521484 0.144149275194 0.458577481378 -0.876885214857 -1697.565307617187 0.000000000000 0.000000000000 0.000000000000 1.000000000000 |
3476099913	0.295805766237 0.824926992844 0.481657975267 344.744049072266 0.944218755867 -0.328901277048 -0.016579837908 -296.656005859375 0.144740767339 0.459694905817 -0.876202433138 -1697.528320312500 0.000000000000 0.000000000000 0.000000000000 1.000000000000 |
3476099913	0.295813066572 0.825082493855 0.481387066694 344.698730468750 0.944183406937 -0.329017932035 -0.016275578775 -296.619232177734 0.144956282067 0.459332209554 -0.876357003484 -1697.513793945312 0.000000000000 0.000000000000 0.000000000000 1.000000000000 |
3476099913	0.295958792312 0.825015655600 0.481412049360 344.650573730469 0.944139590612 -0.329138860593 -0.016372045873 -296.615081787109 0.144944219242 0.459365626123 -0.876341483011 -1697.527954101562 0.000000000000 0.000000000000 0.000000000000 1.000000000000 |
3476099913	0.295846218046 0.825247321264 0.481084061277 344.601989746094 0.944150232248 -0.329124968333 -0.016034156234 -296.624877929687 0.145104631952 0.458959272667 -0.876527827179 -1697.529418945312 0.000000000000 0.000000000000 0.000000000000 1.000000000000 |
3476099913	0.295720492345 0.825181742402 0.481273812307 344.550109863281 0.944147005749 -0.329146134892 -0.015787761763 -296.598144531250 0.145381642386 0.459061993516 -0.876428128352 -1697.554077148437 0.000000000000 0.000000000000 0.000000000000 1.000000000000 |
3476099913	0.295566554048 0.824641369337 0.482293504108 344.661529541016 0.944191597476 -0.329003398634 -0.016093195523 -296.558074951172 0.145405087197 0.460134084441 -0.875861852664 -1697.674316406250 0.000000000000 0.000000000000 0.000000000000 1.000000000000 |
3476099913	0.295516420942 0.825702271337 0.480505779427 344.601806640625 0.944208460866 -0.328989975272 -0.015361594940 -296.578857421875 0.145397480658 0.458237225987 -0.876857010771 -1697.520385742187 0.000000000000 0.000000000000 0.000000000000 1.000000000000 |
3476099913	0.295635267575 0.824306511075 0.482823533359 344.713195800781 0.944234994246 -0.328846962695 -0.016731729344 -296.726562500000 0.144982979023 0.460845365525 -0.875557813550 -1697.473388671875 0.000000000000 0.000000000000 0.000000000000 1.000000000000 |
3476099913	0.295506156089 0.824327594820 0.482866573839 344.769348144531 0.944260548619 -0.328780646282 -0.016592255770 -296.820678710937 0.145079729923 0.460854969647 -0.875536731906 -1697.312500000000 0.000000000000 0.000000000000 0.000000000000 1.000000000000 |
3476099913	0.296340266589 0.824175113274 0.482615612116 344.595550537109 0.944219180626 -0.328811093772 -0.018259341449 -297.014343261719 0.143640472485 0.461105895942 -0.875641917334 -1697.092163085937 0.000000000000 0.000000000000 0.000000000000 1.000000000000 |
3476099913	0.296556891154 0.824075958371 0.482651867440 344.433258056641 0.944127589779 -0.329074919512 -0.018242575650 -297.180114746094 0.143795356418 0.461094905830 -0.875622283459 -1696.959838867187 0.000000000000 0.000000000000 0.000000000000 1.000000000000 |
3476099913	0.296896310256 0.823778885368 0.482950234474 344.427490234375 0.944098571723 -0.329114634874 -0.019011680153 -297.238983154297 0.143284569396 0.461597124270 -0.875441389837 -1696.914550781250 0.000000000000 0.000000000000 0.000000000000 1.000000000000 |
3476099913	0.297347840728 0.823476801084 0.483187561607 344.391113281250 0.943985196645 -0.329410134113 -0.019516968496 -297.226409912109 0.143095108687 0.461925233799 -0.875299302096 -1696.968750000000 0.000000000000 0.000000000000 0.000000000000 1.000000000000 |
3476099913	0.297424237635 0.824167380038 0.481961567503 344.361938476562 0.944003861806 -0.329367771824 -0.019328211992 -297.251434326172 0.142812925754 0.460722259681 -0.875979147966 -1696.970947265625 0.000000000000 0.000000000000 0.000000000000 1.000000000000 |
3476099913	0.297637393883 0.824362444412 0.481496149524 344.290863037109 0.944083704847 -0.329089073357 -0.020157877867 -297.294403076172 0.141837724199 0.460572406946 -0.876216364806 -1696.937866210937 0.000000000000 0.000000000000 0.000000000000 1.000000000000 |
3476099913	0.298769803494 0.824202699260 0.481068098144 343.783081054687 0.943647204084 -0.330342879542 -0.020088209486 -297.372467041016 0.142360664315 0.459960316188 -0.876453049962 -1697.102539062500 0.000000000000 0.000000000000 0.000000000000 1.000000000000 |
3476099914	0.301067304937 0.808585583789 0.505517389994 343.379638671875 0.942324090533 -0.333554853814 -0.027685156622 -297.198944091797 0.146231960591 0.484696310266 -0.862372135749 -1700.010986328125 0.000000000000 0.000000000000 0.000000000000 1.000000000000 |
3476099914	0.303241136602 0.802260199422 0.514221144544 342.685913085937 0.941332344305 -0.336073612104 -0.030788712420 -296.981842041016 0.148115598901 0.493389399633 -0.857104818381 -1701.378540039062 0.000000000000 0.000000000000 0.000000000000 1.000000000000 |
3476099914	0.305881951337 0.798325272022 0.518761016170 341.662750244141 0.940210347553 -0.339025130927 -0.032656744395 -296.672332763672 0.149802317074 0.497733584010 -0.854295350068 -1702.484619140625 0.000000000000 0.000000000000 0.000000000000 1.000000000000 |
3476099914	0.310976276876 0.794177791493 0.522087531665 339.592407226562 0.938292778186 -0.344004916102 -0.035598877813 -295.845855712891 0.151328839367 0.500941367025 -0.852148654390 -1704.324707031250 0.000000000000 0.000000000000 0.000000000000 1.000000000000 |
3476099914	0.315033812660 0.798831091684 0.512467153914 337.871734619141 0.936626594716 -0.348867667447 -0.031968307447 -295.105255126953 0.153245942692 0.490061463053 -0.858111556547 -1704.869262695312 0.000000000000 0.000000000000 0.000000000000 1.000000000000 |
3476099914	0.317252187939 0.802158015202 0.505859237235 337.028289794922 0.935767361805 -0.351364991086 -0.029699959926 -294.999633789062 0.153917165476 0.482788941140 -0.862104601823 -1705.080688476562 0.000000000000 0.000000000000 0.000000000000 1.000000000000 |
3476099914	0.318668409334 0.799398506117 0.509325508208 336.759704589844 0.934659370652 -0.354396098565 -0.028552866317 -295.125488281250 0.157677854329 0.485144755449 -0.860100145631 -1706.816650390625 0.000000000000 0.000000000000 0.000000000000 1.000000000000 |
3476099914	0.318108503970 0.793320620037 0.519085131290 337.430450439453 0.934586145442 -0.354370268689 -0.031152037120 -295.360107421875 0.159234784044 0.495039499933 -0.854154656404 -1708.126342773437 0.000000000000 0.000000000000 0.000000000000 1.000000000000 |
3476099914	0.315192945298 0.778727904188 0.542435487844 339.063323974609 0.934903165939 -0.353027991742 -0.036432229739 -295.600311279297 0.163124117013 0.518607836698 -0.839307115521 -1710.755981445312 0.000000000000 0.000000000000 0.000000000000 1.000000000000 |
3476099914	0.315189517884 0.775246851030 0.547401030127 339.209838867187 0.934726692183 -0.353353694778 -0.037778000310 -295.508270263672 0.164138900742 0.523577583893 -0.836017305388 -1711.452026367187 0.000000000000 0.000000000000 0.000000000000 1.000000000000 |
3476099914	0.319388006327 0.773708122799 0.547144443569 337.359130859375 0.933248223106 -0.357005532906 -0.039934991481 -294.892089843750 0.164435566361 0.523376337055 -0.836085016207 -1711.644653320312 0.000000000000 0.000000000000 0.000000000000 1.000000000000 |
3476099914	0.324066157402 0.774738752956 0.542918953709 335.386108398437 0.931900000202 -0.360255990184 -0.042166469621 -294.280151367187 0.162921807167 0.519610898852 -0.838725818455 -1711.040527343750 0.000000000000 0.000000000000 0.000000000000 1.000000000000 |
3476099914	0.334237872580 0.779596722720 0.529635718637 330.881713867187 0.929035723221 -0.367133659615 -0.045885738044 -292.854949951172 0.158674728648 0.507387254374 -0.846983178456 -1708.910034179687 0.000000000000 0.000000000000 0.000000000000 1.000000000000 |
3476099914	0.342683279138 0.788136336490 0.511282001740 327.019775390625 0.926732712669 -0.372845319982 -0.046398778391 -291.730621337891 0.154060538321 0.489721841939 -0.858159581931 -1706.562377929687 0.000000000000 0.000000000000 0.000000000000 1.000000000000 |
3476099914	0.345074519334 0.790384869226 0.506177177087 325.814727783203 0.926059896852 -0.374493844001 -0.046555646780 -291.207336425781 0.152763358001 0.484815551837 -0.861172013682 -1705.846435546875 0.000000000000 0.000000000000 0.000000000000 1.000000000000 |
3476099914	0.347338679628 0.790336385629 0.504702129166 324.781921386719 0.925789230464 -0.374660728176 -0.050434507225 -290.748748779297 0.149231841074 0.484765650922 -0.861819076893 -1704.841186523437 0.000000000000 0.000000000000 0.000000000000 1.000000000000 |
3476099914	0.348005916312 0.792062748561 0.501526155404 324.648284912109 0.925926146059 -0.374167504338 -0.051569862728 -290.834442138672 0.146808222713 0.482322797554 -0.863604113413 -1704.016967773437 0.000000000000 0.000000000000 0.000000000000 1.000000000000 |
3476099914	0.347356945572 0.790903922927 0.503799699347 324.863769531250 0.926137044213 -0.373574149274 -0.052081957825 -290.526123046875 0.147014719331 0.484678594218 -0.862248996872 -1703.229858398437 0.000000000000 0.000000000000 0.000000000000 1.000000000000 |
3476099914	0.345241234912 0.787180276934 0.511033953200 325.083038330078 0.926423007127 -0.372963746862 -0.051365897168 -290.170898437500 0.150162916801 0.491167237438 -0.858024383852 -1703.899291992187 0.000000000000 0.000000000000 0.000000000000 1.000000000000 |
3476099915	0.342977165537 0.788877592254 0.509940004667 325.100982666016 0.926915214967 -0.372244108886 -0.047565824513 -290.298553466797 0.152298549508 0.488985140714 -0.858893872361 -1704.046386718750 0.000000000000 0.000000000000 0.000000000000 1.000000000000 |
3476099915	0.344139419553 0.794261810106 0.500715724655 324.671325683594 0.926921146942 -0.372378786219 -0.046381320875 -290.088195800781 0.149617001914 0.480085634633 -0.864368287339 -1703.733520507812 0.000000000000 0.000000000000 0.000000000000 1.000000000000 |
3476099915	0.346184096556 0.791014773029 0.504432552619 324.941680908203 0.926171881004 -0.373857049078 -0.049361459586 -288.805450439453 0.149540021830 0.484279398391 -0.862039005014 -1704.583984375000 0.000000000000 0.000000000000 0.000000000000 1.000000000000 |
3476099915	0.343987089977 0.790570372611 0.506627444854 325.279113769531 0.926565978933 -0.373219136400 -0.046722188613 -288.652191162109 0.152145879384 0.485495584094 -0.860898175867 -1705.223754882812 0.000000000000 0.000000000000 0.000000000000 1.000000000000 |
3476099915	0.341396616713 0.789498924353 0.510039016687 325.995513916016 0.927148968314 -0.372011365078 -0.044747455877 -288.746185302734 0.154412242558 0.488158778164 -0.858986534615 -1706.382812500000 0.000000000000 0.000000000000 0.000000000000 1.000000000000 |
3476099915	0.341051148108 0.788416124347 0.511941529126 326.278350830078 0.927185350929 -0.371897164685 -0.044942451233 -288.728790283203 0.154956249946 0.489992360929 -0.857843835924 -1706.607788085937 0.000000000000 0.000000000000 0.000000000000 1.000000000000 |
3476099915	0.343387167173 0.785977621308 0.514124918891 326.464202880859 0.926395937335 -0.373513619640 -0.047729898727 -287.947998046875 0.154518027135 0.492673070856 -0.856386258965 -1706.444091796875 0.000000000000 0.000000000000 0.000000000000 1.000000000000 |
3476099915	0.344958360228 0.789181942145 0.508129503081 325.912353515625 0.926048272116 -0.374453766949 -0.047105988239 -287.875152587891 0.153095811241 0.486802052799 -0.859991531337 -1705.905761718750 0.000000000000 0.000000000000 0.000000000000 1.000000000000 |
3476099915	0.344345927575 0.788285920920 0.509932533814 325.860198974609 0.926156511821 -0.374206826256 -0.046940034035 -288.260437011719 0.153818067126 0.488440946342 -0.858932735528 -1705.936767578125 0.000000000000 0.000000000000 0.000000000000 1.000000000000 |
3476099915	0.342695895843 0.786281223442 0.514121931681 326.328979492187 0.927053373009 -0.371637969980 -0.049570786373 -288.999816894531 0.152090652455 0.493606175946 -0.856283467377 -1705.703125000000 0.000000000000 0.000000000000 0.000000000000 1.000000000000 |
3476099915	0.342087756122 0.786922702586 0.513545156015 326.592224121094 0.927522171205 -0.370364231921 -0.050328497258 -289.173278808594 0.150594120185 0.493541280815 -0.856585322719 -1705.457763671875 0.000000000000 0.000000000000 0.000000000000 1.000000000000 |
3476099915	0.340136665184 0.787446545530 0.514037923631 327.064758300781 0.928675111325 -0.367240824767 -0.051929897268 -289.574737548828 0.147883692822 0.495037488033 -0.856194077788 -1705.497314453125 0.000000000000 0.000000000000 0.000000000000 1.000000000000 |
3476099915	0.337691677269 0.785624997681 0.518418454650 327.651184082031 0.929629888338 -0.364676320019 -0.052909850946 -290.270782470703 0.147487632745 0.499804506418 -0.853488637037 -1706.040283203125 0.000000000000 0.000000000000 0.000000000000 1.000000000000 |
3476099915	0.335771707715 0.783709685399 0.522548073683 327.989990234375 0.930065515030 -0.363665153574 -0.052209135474 -290.552032470703 0.149115720328 0.503534293855 -0.851009821837 -1706.476806640625 0.000000000000 0.000000000000 0.000000000000 1.000000000000 |
3476099915	0.335065212094 0.784133358711 0.522365943953 327.848449707031 0.930244989099 -0.363338084517 -0.051280567430 -290.598419189453 0.149584637917 0.503110636040 -0.851178080076 -1706.630493164062 0.000000000000 0.000000000000 0.000000000000 1.000000000000 |
3476099915	0.335865654421 0.784644105039 0.521083381627 327.589172363281 0.929930807973 -0.364179417631 -0.051010235795 -290.216827392578 0.149742961644 0.501704076325 -0.851980085000 -1706.586547851562 0.000000000000 0.000000000000 0.000000000000 1.000000000000 |
3476099915	0.338082772315 0.785023508916 0.519074300570 327.332366943359 0.929245094268 -0.365779541399 -0.052046919916 -289.425689697266 0.149008703914 0.499943414341 -0.853143005958 -1706.718994140625 0.000000000000 0.000000000000 0.000000000000 1.000000000000 |
3476099915	0.338052637797 0.785089082867 0.518994745678 327.436218261719 0.929318064801 -0.365551157800 -0.052347736015 -289.420776367187 0.148621494117 0.500007482938 -0.853173000330 -1706.828002929687 0.000000000000 0.000000000000 0.000000000000 1.000000000000 |
3476099915	0.337428426014 0.782887670999 0.522713068438 327.700958251953 0.929613619528 -0.364542074856 -0.054107245794 -289.868072509766 0.148191010879 0.504178510310 -0.850789900056 -1707.333618164062 0.000000000000 0.000000000000 0.000000000000 1.000000000000 |
3476099916	0.337432724228 0.781165451263 0.525280586329 327.518920898437 0.929651825230 -0.364229892879 -0.055534394561 -290.616699218750 0.147941341302 0.507067177884 -0.849114972572 -1707.798583984375 0.000000000000 0.000000000000 0.000000000000 1.000000000000 |
3476099916	0.338564098136 0.780861499928 0.525004447013 327.288116455078 0.929354806646 -0.364802426206 -0.056734761819 -290.768768310547 0.147220904827 0.507123759810 -0.849206392709 -1707.666748046875 0.000000000000 0.000000000000 0.000000000000 1.000000000000 |
3476099916	0.340829835435 0.777738577296 0.528164490157 326.826110839844 0.928855391597 -0.365305958941 -0.061475343537 -290.620941162109 0.145129889334 0.511541065554 -0.846913840644 -1707.356323242187 0.000000000000 0.000000000000 0.000000000000 1.000000000000 |
3476099916	0.341534698482 0.779033479639 0.525795480519 326.403991699219 0.928902054155 -0.364999139291 -0.062582762038 -290.506530761719 0.143160830957 0.509786686682 -0.848305670476 -1706.544433593750 0.000000000000 0.000000000000 0.000000000000 1.000000000000 |
3476099916	0.341802841368 0.779939402755 0.524276020492 326.135498046875 0.928964313451 -0.364770759011 -0.062988869699 -290.364379882812 0.142113060513 0.508563488073 -0.849215553691 -1705.981323242187 0.000000000000 0.000000000000 0.000000000000 1.000000000000 |
3476099916	0.343654368034 0.787903667773 0.510988733379 325.033111572266 0.928635728435 -0.366103732006 -0.060031169285 -289.547393798828 0.139776103843 0.495152368187 -0.857488643117 -1704.036621093750 0.000000000000 0.000000000000 0.000000000000 1.000000000000 |
3476099916	0.343788325827 0.788633605199 0.509771148434 324.661254882812 0.928637933764 -0.366125914486 -0.059861529519 -289.063018798828 0.139431614062 0.493972520990 -0.858224896812 -1703.650878906250 0.000000000000 0.000000000000 0.000000000000 1.000000000000 |
3476099916	0.343610046294 0.786596784664 0.513027908053 324.446411132812 0.928665769994 -0.365861134014 -0.061037023675 -288.451965332031 0.139685445653 0.497404391791 -0.856199069901 -1703.951904296875 0.000000000000 0.000000000000 0.000000000000 1.000000000000 |
3476099916	0.342757174768 0.783138466047 0.518856109285 324.758972167969 0.928954182128 -0.364779738207 -0.063086211659 -288.356933593750 0.139862956684 0.503616804318 -0.852530625700 -1704.553222656250 0.000000000000 0.000000000000 0.000000000000 1.000000000000 |
3476099916	0.341602160780 0.778677594999 0.526278601880 325.339233398437 0.929106116963 -0.364195848542 -0.064212205429 -288.395507812500 0.141667876289 0.510903696356 -0.847884205465 -1705.292236328125 0.000000000000 0.000000000000 0.000000000000 1.000000000000 |
3476099916	0.340663164838 0.772817921528 0.535444738781 325.913665771484 0.929328179092 -0.363086355610 -0.067211858438 -288.406005859375 0.142470150094 0.520500488506 -0.841891618795 -1706.028564453125 0.000000000000 0.000000000000 0.000000000000 1.000000000000 |
3476099916	0.341014873731 0.762680412375 0.549570236161 326.051696777344 0.928983284166 -0.362882262615 -0.072845873045 -288.086578369141 0.143871170270 0.535383089067 -0.832265603222 -1707.015014648437 0.000000000000 0.000000000000 0.000000000000 1.000000000000 |
3476099916	0.346653681735 0.764628832093 0.543299157070 324.058807373047 0.927292551361 -0.366600094720 -0.075715881699 -286.771087646484 0.141278976248 0.530044450668 -0.836117893114 -1706.402465820312 0.000000000000 0.000000000000 0.000000000000 1.000000000000 |
3476099916	0.350328721565 0.761088276690 0.545906971866 322.109893798828 0.925654853838 -0.370287771886 -0.077782115927 -285.279602050781 0.142943619701 0.532570747485 -0.834227499253 -1706.592163085937 0.000000000000 0.000000000000 0.000000000000 1.000000000000 |
3476099916	0.350871146388 0.755230272147 0.553639480768 321.505859375000 0.925109432179 -0.371188936421 -0.079945681385 -284.365051269531 0.145127451318 0.540227738561 -0.828910135879 -1707.328125000000 0.000000000000 0.000000000000 0.000000000000 1.000000000000 |
3476099916	0.353260796021 0.751253818044 0.557516377220 320.285827636719 0.923808350593 -0.374147001623 -0.081192071967 -282.468994140625 0.147597226832 0.543720260842 -0.826186018147 -1707.924804687500 0.000000000000 0.000000000000 0.000000000000 1.000000000000 |
3476099916	0.355275123407 0.748395753032 0.560074444633 319.554016113281 0.922986089222 -0.375664494355 -0.083503693232 -281.426696777344 0.147906273667 0.546607706243 -0.824223118874 -1708.179321289062 0.000000000000 0.000000000000 0.000000000000 1.000000000000 |
3476099916	0.361108201437 0.751334559272 0.552356087047 317.509765625000 0.921010238355 -0.380143821499 -0.085034203828 -279.527648925781 0.146085617702 0.539432159793 -0.829259873189 -1708.014160156250 0.000000000000 0.000000000000 0.000000000000 1.000000000000 |
3476099916	0.364088989484 0.748056487748 0.554842949739 316.247161865234 0.919603787402 -0.383109353370 -0.086925816391 -277.590148925781 0.147540102792 0.541884410644 -0.827401476654 -1708.859619140625 0.000000000000 0.000000000000 0.000000000000 1.000000000000 |
3476099917	0.365142398748 0.746042492495 0.556858714601 316.070037841797 0.919252537772 -0.383470868934 -0.089021707910 -276.847839355469 0.147125118306 0.544399386545 -0.825822927445 -1709.230224609375 0.000000000000 0.000000000000 0.000000000000 1.000000000000 |
3476099917	0.366212942150 0.744035440859 0.558837493148 315.864196777344 0.918762924531 -0.384323551198 -0.090388586132 -275.583465576172 0.147522098378 0.546540639606 -0.824336436019 -1709.817749023437 0.000000000000 0.000000000000 0.000000000000 1.000000000000 |
3476099917	0.366768078500 0.744273088987 0.558156560119 315.714111328125 0.918561516824 -0.384775058987 -0.090514605404 -275.024902343750 0.147397138381 0.545899004388 -0.824783826590 -1710.141113281250 0.000000000000 0.000000000000 0.000000000000 1.000000000000 |
3476099917	0.366928388172 0.743896611776 0.558552941933 315.668121337891 0.918646878840 -0.384299001774 -0.091663456369 -274.573150634766 0.146463203406 0.546746841073 -0.824388513885 -1710.651977539062 0.000000000000 0.000000000000 0.000000000000 1.000000000000 |
3476099917	0.368258808083 0.740821431348 0.561755335644 315.292663574219 0.917718242484 -0.386431603340 -0.091999148648 -273.094482421875 0.148925074053 0.549412616159 -0.822172183623 -1712.147460937500 0.000000000000 0.000000000000 0.000000000000 1.000000000000 |
3476099917	0.369555635151 0.742653502944 0.558475072938 314.364929199219 0.916935179833 -0.388822313640 -0.089705542747 -271.632751464844 0.150527434415 0.545236630264 -0.824656600354 -1712.460693359375 0.000000000000 0.000000000000 0.000000000000 1.000000000000 |
3476099917	0.369255622194 0.741143779061 0.560674757982 314.256103515625 0.916869608319 -0.388991218340 -0.089643479385 -270.966583251953 0.151658850121 0.547167004501 -0.823169400771 -1712.613891601562 0.000000000000 0.000000000000 0.000000000000 1.000000000000 |
3476099917	0.367458364970 0.738893267953 0.564810666142 314.500427246094 0.917218653938 -0.388403443206 -0.088615496240 -269.775451660156 0.153897013881 0.550617384288 -0.820448782825 -1712.912231445312 0.000000000000 0.000000000000 0.000000000000 1.000000000000 |
3476099917	0.365855304361 0.736772026018 0.568609600647 314.907836914062 0.917263234703 -0.388795519402 -0.086407189256 -268.121704101562 0.157410465130 0.553177210097 -0.818056794909 -1713.772216796875 0.000000000000 0.000000000000 0.000000000000 1.000000000000 |
3476099917	0.365087667505 0.736316728436 0.569691732836 315.139617919922 0.917290143295 -0.389037187713 -0.085022700440 -267.346099853516 0.159027632975 0.553613350636 -0.817448756772 -1714.343139648437 0.000000000000 0.000000000000 0.000000000000 1.000000000000 |
3476099917	0.363987452242 0.735192995761 0.571842979842 315.908477783203 0.917483190270 -0.388766579796 -0.084173285580 -266.228942871094 0.160429829464 0.555294341244 -0.816033372112 -1714.830200195312 0.000000000000 0.000000000000 0.000000000000 1.000000000000 |
3476099917	0.363126914540 0.734550577832 0.573214002397 316.358032226562 0.917996745381 -0.387328195105 -0.085198854144 -266.548065185547 0.159439077415 0.557146585634 -0.814964332170 -1715.200683593750 0.000000000000 0.000000000000 0.000000000000 1.000000000000 |
3476099917	0.363456852571 0.734465323545 0.573114128973 316.386352539062 0.917955557784 -0.387287341817 -0.085826038014 -266.549987792969 0.158923598789 0.557287361581 -0.814968764046 -1715.311645507812 0.000000000000 0.000000000000 0.000000000000 1.000000000000 |
3476099917	0.364559903334 0.733842440697 0.573211434911 315.932281494141 0.917410836091 -0.388521422818 -0.086072422032 -265.662658691406 0.159541326006 0.557248935614 -0.814874339425 -1715.255004882812 0.000000000000 0.000000000000 0.000000000000 1.000000000000 |
3476099917	0.365058527967 0.734073653650 0.572597714086 315.677856445312 0.917188181108 -0.389071800715 -0.085959143339 -265.523071289062 0.159681281289 0.556559974222 -0.815317658033 -1715.106811523437 0.000000000000 0.000000000000 0.000000000000 1.000000000000 |
3476099917	0.364863229536 0.733170017177 0.573878514710 315.438690185547 0.917202710313 -0.388987685586 -0.086184503572 -265.560638427734 0.160043781281 0.557808485392 -0.814392830088 -1714.805297851562 0.000000000000 0.000000000000 0.000000000000 1.000000000000 |
3476099917	0.364835150070 0.732373498526 0.574912490672 315.310516357422 0.917193011506 -0.388916432715 -0.086608244459 -265.441101074219 0.160163332000 0.558903450537 -0.813618239754 -1714.658203125000 0.000000000000 0.000000000000 0.000000000000 1.000000000000 |
3476099917	0.366353653868 0.730664397203 0.576120246961 314.714324951172 0.916693593400 -0.389594359553 -0.088820554064 -264.690582275391 0.159555182046 0.560665473937 -0.812524688990 -1714.752319335937 0.000000000000 0.000000000000 0.000000000000 1.000000000000 |
3476099917	0.367008623925 0.728083389201 0.578963943898 314.264617919922 0.916289204735 -0.390259232195 -0.090065670329 -263.996490478516 0.160370705711 0.563553289455 -0.810363453454 -1715.052612304687 0.000000000000 0.000000000000 0.000000000000 1.000000000000 |
3476099917	0.367868789288 0.725878261791 0.581182676038 313.857452392578 0.915909370171 -0.390776422663 -0.091672313832 -263.288482666016 0.160569547237 0.566034041865 -0.808593151066 -1715.147949218750 0.000000000000 0.000000000000 0.000000000000 1.000000000000 |
3476099918	0.367158995087 0.723688577142 0.584353587857 313.510345458984 0.916150343288 -0.389975383853 -0.092670105659 -262.358093261719 0.160819217823 0.569380402985 -0.806190508426 -1714.758300781250 0.000000000000 0.000000000000 0.000000000000 1.000000000000 |
3476099918	0.367127330612 0.722355700649 0.586020276832 313.509063720703 0.916182567094 -0.389666764176 -0.093644629586 -262.046142578125 0.160707892998 0.571281064483 -0.804867019135 -1714.737670898437 0.000000000000 0.000000000000 0.000000000000 1.000000000000 |
3476099918	0.366231805790 0.721401438556 0.587753544334 313.844604492187 0.916543554165 -0.388738556772 -0.093969398197 -261.835540771484 0.160692805522 0.573116304888 -0.803564262100 -1714.857421875000 0.000000000000 0.000000000000 0.000000000000 1.000000000000 |
3476099918	0.365464248357 0.721171148362 0.588513430555 313.925750732422 0.916918545681 -0.387800370743 -0.094187329499 -261.767700195312 0.160300541981 0.574040980438 -0.802982371549 -1714.539062500000 0.000000000000 0.000000000000 0.000000000000 1.000000000000 |
3476099918	0.362981221242 0.721919774935 0.589131964490 314.691070556641 0.918300716338 -0.384368254523 -0.094788392163 -261.455474853516 0.158014010138 0.575406711355 -0.802457904895 -1713.813720703125 0.000000000000 0.000000000000 0.000000000000 1.000000000000 |
3476099918	0.360713814119 0.721183284992 0.591422195857 315.769561767578 0.919330113814 -0.381817832003 -0.095117217158 -261.381408691406 0.157218593491 0.578022328819 -0.800732477952 -1713.657226562500 0.000000000000 0.000000000000 0.000000000000 1.000000000000 |
3476099918	0.360764440435 0.728079409209 0.582880255630 315.704284667969 0.919977083826 -0.380506283410 -0.094112345210 -260.808776855469 0.153268339043 0.570188865351 -0.807089508094 -1711.929809570312 0.000000000000 0.000000000000 0.000000000000 1.000000000000 |
3476099918	0.361692966521 0.730172024644 0.579678369785 315.016998291016 0.919827372888 -0.380842648577 -0.094215079001 -260.445678710937 0.151973030686 0.567280963414 -0.809380322526 -1710.866699218750 0.000000000000 0.000000000000 0.000000000000 1.000000000000 |
3476099918	0.359568436629 0.724652241415 0.587868750991 315.814422607422 0.921319858750 -0.375576504761 -0.100558475252 -261.869659423828 0.147919766270 0.577772808363 -0.802681957355 -1709.153076171875 0.000000000000 0.000000000000 0.000000000000 1.000000000000 |
3476099918	0.363368535558 0.746428009666 0.557502048204 314.388610839844 0.921427943800 -0.376317685859 -0.096724059537 -264.695190429687 0.137600333395 0.548844445809 -0.824521632557 -1703.908813476562 0.000000000000 0.000000000000 0.000000000000 1.000000000000 |
3476099918	0.373244709994 0.753717233330 0.540923949038 311.585266113281 0.918858923357 -0.380786108170 -0.103441861898 -268.983276367187 0.128010411409 0.535641925177 -0.834686206046 -1701.789916992187 0.000000000000 0.000000000000 0.000000000000 1.000000000000 |
3476099918	0.374845979121 0.738317428701 0.560694093435 311.911285400391 0.918486611974 -0.377940737431 -0.116375008543 -272.356597900391 0.125987442073 0.558612722255 -0.819804239422 -1702.816528320312 0.000000000000 0.000000000000 0.000000000000 1.000000000000 |
3476099918	0.382217544721 0.749220574510 0.540905055659 310.666870117187 0.916591533087 -0.381717325460 -0.118961527044 -279.523864746094 0.117344407537 0.541258177004 -0.832628293926 -1700.260253906250 0.000000000000 0.000000000000 0.000000000000 1.000000000000 |
3476099918	0.384204067600 0.749311407434 0.539369677614 310.375274658203 0.916097029416 -0.381978181633 -0.121897093696 -286.967010498047 0.114688565843 0.540948318646 -0.833199525576 -1698.601196289062 0.000000000000 0.000000000000 0.000000000000 1.000000000000 |
3476099918	0.381540900876 0.744689531468 0.547598431956 311.415405273437 0.917221547195 -0.378452369599 -0.124412367976 -290.795928955078 0.114591336145 0.549737487958 -0.827440342269 -1699.168090820312 0.000000000000 0.000000000000 0.000000000000 1.000000000000 |
3476099918	0.372396010610 0.723455202342 0.581320721707 314.672668457031 0.919990099916 -0.370255918695 -0.128564266920 -297.696014404297 0.122226950133 0.582686128955 -0.803453450914 -1703.360473632812 0.000000000000 0.000000000000 0.000000000000 1.000000000000 |
3476099918	0.369405577579 0.721306509253 0.585880908516 315.722045898437 0.921084317017 -0.367701018321 -0.128061087266 -300.621368408203 0.123057710849 0.586952196380 -0.800214920484 -1704.754638671875 0.000000000000 0.000000000000 0.000000000000 1.000000000000 |
3476099918	0.364850823882 0.730491559156 0.577291917764 317.081939697266 0.923058314370 -0.364935229186 -0.121596162652 -304.593414306641 0.121849187873 0.577238564635 -0.807433226288 -1705.753540039062 0.000000000000 0.000000000000 0.000000000000 1.000000000000 |
3476099918	0.363338148537 0.729872735259 0.579026061714 317.914794921875 0.923440078859 -0.364496421064 -0.120003249073 -305.351104736328 0.123465827557 0.578297630427 -0.806429190982 -1706.856323242187 0.000000000000 0.000000000000 0.000000000000 1.000000000000 |
3476099918	0.362758419215 0.727888771370 0.581879941055 318.449462890625 0.923566840301 -0.364054151321 -0.120369707165 -305.666290283203 0.124220049853 0.581070143287 -0.804317641107 -1707.914672851562 0.000000000000 0.000000000000 0.000000000000 1.000000000000 |
3476099919	0.362627576952 0.730480632806 0.578704834548 318.497467041016 0.923486606991 -0.365083433609 -0.117841305204 -305.850921630859 0.125194756847 0.577158671077 -0.806978401978 -1708.434204101562 0.000000000000 0.000000000000 0.000000000000 1.000000000000 |
3476099919	0.362673836461 0.734251842716 0.573883193529 318.358184814453 0.922995009909 -0.368017750842 -0.112441748248 -306.015472412109 0.128638641279 0.570471004113 -0.811181196426 -1709.085327148437 0.000000000000 0.000000000000 0.000000000000 1.000000000000 |
3476099919	0.362164224274 0.738373890019 0.568894606404 318.261901855469 0.922727075718 -0.370399348292 -0.106672707479 -306.135253906250 0.131953849479 0.563567494914 -0.815462972969 -1709.983520507812 0.000000000000 0.000000000000 0.000000000000 1.000000000000 |
3476099919	0.360868034879 0.740108816806 0.567462069824 318.603057861328 0.922650590077 -0.372034054582 -0.101521184299 -306.185058593750 0.135978491065 0.560204963846 -0.817117034732 -1711.073608398437 0.000000000000 0.000000000000 0.000000000000 1.000000000000 |
3476099919	0.359058329920 0.740337379507 0.568311252941 319.341644287109 0.922933655960 -0.372217704873 -0.098221417603 -306.360107421875 0.138818523303 0.559780800567 -0.816930151790 -1712.145751953125 0.000000000000 0.000000000000 0.000000000000 1.000000000000 |
3476099919	0.357096963587 0.737882492315 0.572722608365 320.235290527344 0.923271708867 -0.371786185101 -0.096666354920 -306.510559082031 0.141601942793 0.563297843155 -0.814029747426 -1713.070678710937 0.000000000000 0.000000000000 0.000000000000 1.000000000000 |
3476099919	0.353890536307 0.733687861691 0.580054833546 321.491943359375 0.924284132760 -0.369194062572 -0.096925673012 -306.766540527344 0.143039610737 0.570436557181 -0.808790333765 -1714.056518554687 0.000000000000 0.000000000000 0.000000000000 1.000000000000 |
3476099919	0.352451185253 0.734967403075 0.579310865107 321.738403320312 0.924874214257 -0.368007553732 -0.095802547974 -306.862915039062 0.142779024426 0.569555402760 -0.809457097919 -1714.044067382812 0.000000000000 0.000000000000 0.000000000000 1.000000000000 |
3476099919	0.351031945764 0.736656384507 0.578025902722 321.979766845703 0.925355888433 -0.367293571392 -0.093871785730 -306.869781494141 0.143153947885 0.567831668348 -0.810601100188 -1714.289794921875 0.000000000000 0.000000000000 0.000000000000 1.000000000000 |
3476099919	0.346620022569 0.741355673078 0.574670623879 322.314361572266 0.927111586002 -0.363871814646 -0.089785352965 -307.105865478516 0.142543561955 0.563905194604 -0.813444690464 -1714.733886718750 0.000000000000 0.000000000000 0.000000000000 1.000000000000 |
3476099919	0.347446088655 0.743098516663 0.571914163150 322.313049316406 0.927043908832 -0.363899055773 -0.090371833581 -307.265777587891 0.140963848471 0.561588881426 -0.815320257128 -1714.675415039062 0.000000000000 0.000000000000 0.000000000000 1.000000000000 |
3476099919	0.350274744565 0.735857656155 0.579500744777 323.270874023437 0.925523727660 -0.366984855954 -0.093423471560 -307.489562988281 0.143921620535 0.569065572125 -0.809599247631 -1715.526855468750 0.000000000000 0.000000000000 0.000000000000 1.000000000000 |
3476099919	0.349570189844 0.735480043754 0.580404848025 323.964172363281 0.925730785294 -0.366553577978 -0.093064427311 -307.687927246094 0.144302444649 0.569831185273 -0.808992722315 -1715.856323242187 0.000000000000 0.000000000000 0.000000000000 1.000000000000 |
3476099919	0.348622604999 0.736719994410 0.579401354089 324.586364746094 0.925868834224 -0.366797480477 -0.090700110963 -307.820739746094 0.145702371623 0.568069765216 -0.809979975525 -1716.006469726562 0.000000000000 0.000000000000 0.000000000000 1.000000000000 |
3476099919	0.347337360861 0.732710036586 0.585228809985 325.495300292969 0.925681593585 -0.367666668070 -0.089077541998 -307.589508056641 0.149901117570 0.572675495788 -0.805960564467 -1716.774902343750 0.000000000000 0.000000000000 0.000000000000 1.000000000000 |
3476099919	0.347413726506 0.730865735451 0.587485301415 325.675018310547 0.925309370607 -0.368757730458 -0.088432487782 -307.364807128906 0.152007471206 0.574328314617 -0.804388410985 -1717.245605468750 0.000000000000 0.000000000000 0.000000000000 1.000000000000 |
3476099919	0.348233352556 0.730454026990 0.587512082107 325.644836425781 0.924903479023 -0.369760831201 -0.088490011866 -307.124633789062 0.152601070305 0.574207142209 -0.804362524723 -1717.471069335937 0.000000000000 0.000000000000 0.000000000000 1.000000000000 |
3476099919	0.348493841705 0.729604766239 0.588412208724 325.585266113281 0.924527693078 -0.370894253733 -0.087669819668 -306.733612060547 0.154274388757 0.574555774168 -0.803794174739 -1717.725097656250 0.000000000000 0.000000000000 0.000000000000 1.000000000000 |
3476099919	0.348399823319 0.729285421741 0.588863597743 325.666107177734 0.924500800414 -0.370998853013 -0.087510691329 -306.559509277344 0.154647447911 0.574893576846 -0.803480890971 -1717.818115234375 0.000000000000 0.000000000000 0.000000000000 1.000000000000 |
3476099919	0.349365445766 0.729495538443 0.588030649453 325.657623291016 0.924342294809 -0.371081926511 -0.088823002897 -306.267395019531 0.153411561922 0.574573287935 -0.803946782729 -1717.792358398437 0.000000000000 0.000000000000 0.000000000000 1.000000000000 |
3476099919	0.350818517270 0.730963467486 0.585336464900 325.311798095703 0.924099226769 -0.371386716617 -0.090069560929 -306.222747802734 0.151548629243 0.572507044430 -0.805772112357 -1717.494750976562 0.000000000000 0.000000000000 0.000000000000 1.000000000000 |
3476099920	0.351332245266 0.728423266295 0.588188063936 325.425628662109 0.924021937439 -0.370981528072 -0.092499540331 -306.154937744141 0.150828089454 0.575996745607 -0.803416851007 -1717.546752929687 0.000000000000 0.000000000000 0.000000000000 1.000000000000 |
3476099920	0.350161115209 0.726345467143 0.591446917108 325.690185546875 0.924130325517 -0.370940012334 -0.091578647675 -306.008453369141 0.152873591101 0.578641313431 -0.801126641383 -1717.865600585937 0.000000000000 0.000000000000 0.000000000000 1.000000000000 |
3476099920	0.349328012987 0.727756721155 0.590203434551 325.512817382812 0.923787322883 -0.372900877502 -0.086959287246 -305.514495849609 0.156802172889 0.575599765785 -0.802557155725 -1718.086181640625 0.000000000000 0.000000000000 0.000000000000 1.000000000000 |
3476099920	0.349875690310 0.729226768401 0.588060644473 325.189239501953 0.923536259844 -0.373741338402 -0.086012724187 -305.251770019531 0.157059791426 0.573189089408 -0.804230371038 -1718.049316406250 0.000000000000 0.000000000000 0.000000000000 1.000000000000 |
3476099920	0.350004150461 0.730659762879 0.586202529480 324.849304199219 0.923558754351 -0.373800128627 -0.085514274248 -305.143615722656 0.156640741576 0.571322828835 -0.805638816921 -1717.831909179687 0.000000000000 0.000000000000 0.000000000000 1.000000000000 |
