Certus1
3474994693.8676	0.992619279687 -0.049665777022 0.110635781671 365.567303698178 -0.063751893052 -0.989766891385 0.127660474894 -83.825295606593 0.103163277020 -0.133771489155 -0.985627986090 -2188.576832799847 0.000000000000 0.000000000000 0.000000000000 1.000000000000 |	
3474994693.9002	0.992610745178 -0.049608876316 0.110737834309 365.542023387980 -0.063677913714 -0.989809831110 0.127364129733 -83.816229251011 0.103291005716 -0.133474557981 -0.985654863789 -2188.515058125327 0.000000000000 0.000000000000 0.000000000000 1.000000000000 |	
3474994693.9687	0.992497554457 -0.049289266177 0.111889108664 365.523421049122 -0.063599661723 -0.989711372488 0.128165838650 -83.855100762930 0.104420723166 -0.134320390887 -0.985420897467 -2188.148702810058 0.000000000000 0.000000000000 0.000000000000 1.000000000000 |	
3474994694.0012	0.992546179049 -0.049183586776 0.111503619887 365.549109148464 -0.063295731313 -0.989909067367 0.126782052130 -83.768911608844 0.104142848308 -0.132894744579 -0.985643573514 -2188.369966459950 0.000000000000 0.000000000000 0.000000000000 1.000000000000 |	
3474994694.0346	0.992516263439 -0.049127363822 0.111794315299 365.555858280903 -0.063164462380 -0.990054955287 0.125703763683 -83.766885381403 0.104507021302 -0.131824457654 -0.985748748345 -2188.230500887508 0.000000000000 0.000000000000 0.000000000000 1.000000000000 |	
3474994694.1007	0.992527524300 -0.048758828791 0.111855666468 365.505550917450 -0.062948609015 -0.989895932130 0.127057137442 -83.788436094783 0.104530312011 -0.133148864685 -0.985568259282 -2188.182766501337 0.000000000000 0.000000000000 0.000000000000 1.000000000000 |	
3474994694.1660	0.992628452100 -0.048667776942 0.110996412419 365.542868873272 -0.062747325133 -0.989902292548 0.127107137470 -83.750454412885 0.103689581304 -0.133134889097 -0.985658953206 -2188.546603436051 0.000000000000 0.000000000000 0.000000000000 1.000000000000 |	
3474994694.1983	0.992551856968 -0.048488811642 0.111757086461 365.485926676412 -0.062648269533 -0.989936473372 0.126889609555 -83.773650925825 0.104479689668 -0.132945905669 -0.985601025067 -2188.243667717205 0.000000000000 0.000000000000 0.000000000000 1.000000000000 |	
3474994694.2658	0.992635637885 -0.048151500491 0.111157201305 365.494111285155 -0.062316882406 -0.989852849798 0.127702552496 -83.805011853040 0.103880202968 -0.133689074899 -0.985563866365 -2188.462802578485 0.000000000000 0.000000000000 0.000000000000 1.000000000000 |	
3474994694.3303	0.992621272175 -0.047985527864 0.111357079443 365.506084565421 -0.062111807406 -0.989946869370 0.127072102387 -83.785677181281 0.104139970267 -0.133051061401 -0.985622788724 -2188.484028031964 0.000000000000 0.000000000000 0.000000000000 1.000000000000 |	
3474994694.3624	0.992607898761 -0.048014854842 0.111463595095 365.513131663412 -0.062114585692 -0.989996144961 0.126686270790 -83.799332538083 0.104265706545 -0.132673308079 -0.985660416047 -2188.380943657986 0.000000000000 0.000000000000 0.000000000000 1.000000000000 |	
3474994694.4279	0.992647961806 -0.048193524038 0.111028861848 365.520772725020 -0.062226316956 -0.989998974071 0.126609307784 -83.828514047374 0.103816710603 -0.132587388466 -0.985719369303 -2188.425497259613 0.000000000000 0.000000000000 0.000000000000 1.000000000000 |	
3474994694.4926	0.992622878185 -0.048096260119 0.111294975032 365.571693258748 -0.062256386079 -0.989886020709 0.127474736311 -83.751933316541 0.104038281883 -0.133463162587 -0.985577810290 -2188.145238532698 0.000000000000 0.000000000000 0.000000000000 1.000000000000 |	
3474994694.5246	0.992643835503 -0.047717919889 0.111270912459 365.580348207793 -0.062124170510 -0.989588447327 0.129827933652 -83.732552132836 0.103917290556 -0.135785511154 -0.985273308115 -2187.978354544977 0.000000000000 0.000000000000 0.000000000000 1.000000000000 |	
3474994694.5918	0.992955635860 -0.047111508153 0.108718034446 365.764522669178 -0.061455372815 -0.989261552340 0.132607760761 -83.628472085398 0.101303219921 -0.138354930745 -0.985188089033 -2188.619289439614 0.000000000000 0.000000000000 0.000000000000 1.000000000000 |	
3474994694.6556	0.992863403115 -0.046244132479 0.109926079557 365.855508951835 -0.060855549514 -0.989175489036 0.133523233871 -83.624071197889 0.102561517387 -0.139259944354 -0.984930354416 -2187.928363844680 0.000000000000 0.000000000000 0.000000000000 1.000000000000 |	
3474994694.6885	0.992954349281 -0.045610342052 0.109367988652 365.944531136429 -0.060352640460 -0.988934436999 0.135522094536 -83.618075774552 0.101976561196 -0.141167900090 -0.984719454947 -2188.215904254642 0.000000000000 0.000000000000 0.000000000000 1.000000000000 |	
3474994694.7540	0.992998600654 -0.044150061041 0.109565282870 366.076224439734 -0.058968539942 -0.988962301763 0.135927469585 -83.538065057008 0.102354728261 -0.141436691848 -0.984641646388 -2188.041899791456 0.000000000000 0.000000000000 0.000000000000 1.000000000000 |	
3474994694.8189	0.993194486430 -0.042111285558 0.108587990840 366.344152654201 -0.057163894180 -0.988575026200 0.139469375765 -83.398352206355 0.101474141180 -0.144727527453 -0.984254510515 -2188.006733208194 0.000000000000 0.000000000000 0.000000000000 1.000000000000 |	
3474994694.8511	0.993207841624 -0.041193285807 0.108817721633 366.383088302821 -0.056535034331 -0.988265359942 0.141899148103 -83.412498008408 0.101695492675 -0.147087360244 -0.983881768927 -2187.638994581382 0.000000000000 0.000000000000 0.000000000000 1.000000000000 |	
3474994694.9192	0.993464886261 -0.040064300037 0.106875495923 366.682782698117 -0.055253649922 -0.988152418408 0.143184608686 -83.339236743079 0.099872688641 -0.148154142220 -0.983908428771 -2187.935815166749 0.000000000000 0.000000000000 0.000000000000 1.000000000000 |	
3474994694.9512	0.993408144982 -0.039515929812 0.107604594576 366.823452716256 -0.054755399517 -0.988267732999 0.142578869884 -83.343286042387 0.100708012127 -0.147530943211 -0.983916925908 -2187.354699448474 0.000000000000 0.000000000000 0.000000000000 1.000000000000 |	
3474994695.0195	0.993360410166 -0.039721198898 0.107969078314 367.104499910296 -0.055040749566 -0.988214247600 0.142839478881 -83.327447288428 0.101022826139 -0.147833782330 -0.983839194889 -2187.325718507220 0.000000000000 0.000000000000 0.000000000000 1.000000000000 |	
3474994695.0537	0.993259966300 -0.040108116028 0.108747314330 367.255751035641 -0.055505856226 -0.988238758196 0.142489496887 -83.254944247225 0.101753325597 -0.147565225671 -0.983804230984 -2187.382576836355 0.000000000000 0.000000000000 0.000000000000 1.000000000000 |	
3474994695.1220	0.993161599212 -0.040139289360 0.109630631213 367.636250049302 -0.055671198942 -0.988226048061 0.142513141646 -82.902589204647 0.102619469200 -0.147641848347 -0.983702764639 -2187.808870704517 0.000000000000 0.000000000000 0.000000000000 1.000000000000 |	
3474994695.1557	0.992997063493 -0.040235460632 0.111076278304 367.807693826796 -0.056001151024 -0.988182499317 0.142685735542 -82.889701307006 0.104022608014 -0.147906915832 -0.983515552125 -2187.420488270679 0.000000000000 0.000000000000 0.000000000000 1.000000000000 |	
3474994695.1902	0.993035950317 -0.040601425329 0.110594419569 367.991947223818 -0.056640271364 -0.987663855927 0.145986257417 -82.886346745375 0.103302860746 -0.151233699803 -0.983085391513 -2187.593459116642 0.000000000000 0.000000000000 0.000000000000 1.000000000000 |	
3474994695.2595	0.993109170795 -0.040899399786 0.109824468952 368.365355872314 -0.057187727380 -0.987102394638 0.149527343107 -82.568672086142 0.102292417708 -0.154777587514 -0.982639384354 -2187.712580189169 0.000000000000 0.000000000000 0.000000000000 1.000000000000 |	
3474994695.2937	0.992941954635 -0.041216157251 0.111209276175 368.623200543449 -0.057749488086 -0.987026575692 0.149811666777 -82.551759599275 0.103591849832 -0.155176568007 -0.982440309327 -2187.202128127506 0.000000000000 0.000000000000 0.000000000000 1.000000000000 |	
3474994695.3616	0.992749479645 -0.042904040636 0.112284077062 368.966989730287 -0.059223934285 -0.987464335556 0.146310326407 -82.261786812571 0.104599217360 -0.151899405209 -0.982845651374 -2187.222885933421 0.000000000000 0.000000000000 0.000000000000 1.000000000000 |	
3474994695.4284	0.992615528266 -0.045054342168 0.112625571240 369.001056374842 -0.061501525970 -0.987204727327 0.147120320308 -82.179958080895 0.104556087095 -0.152960558955 -0.982685652717 -2187.665160144643 0.000000000000 0.000000000000 0.000000000000 1.000000000000 |	
3474994695.4610	0.992420634041 -0.045828780203 0.114021962946 368.922640076184 -0.062409568616 -0.987256145194 0.146391084163 -82.241032679853 0.105859958786 -0.152397594083 -0.982633523977 -2187.307866095592 0.000000000000 0.000000000000 0.000000000000 1.000000000000 |	
3474994695.5297	0.992196363631 -0.047114697093 0.115440813038 368.299552260776 -0.064070196010 -0.986927785110 0.147880211525 -82.357906763603 0.106964414551 -0.154122523647 -0.982244807431 -2187.225735935838 0.000000000000 0.000000000000 0.000000000000 1.000000000000 |	
3474994695.5635	0.992159153547 -0.048006462530 0.115393212920 367.867313909354 -0.064932312292 -0.986895510917 0.147719481969 -82.557045474548 0.106789554045 -0.154053984330 -0.982274585368 -2187.620924070818 0.000000000000 0.000000000000 0.000000000000 1.000000000000 |	
3474994695.6305	0.992253076297 -0.047020813365 0.114990763500 366.899854216733 -0.064784569207 -0.985631715637 0.155990643061 -82.992363019852 0.106003736597 -0.162231822527 -0.981042325074 -2188.003419932496 0.000000000000 0.000000000000 0.000000000000 1.000000000000 |	
3474994695.6635	0.992249685046 -0.046114312740 0.115386449321 366.683852169937 -0.063913303910 -0.985740663338 0.155661280429 -83.051776783450 0.106562902127 -0.161829585682 -0.981048180819 -2187.887721598896 0.000000000000 0.000000000000 0.000000000000 1.000000000000 |	
3474994695.7291	0.991922879963 -0.046311123522 0.118085901120 366.168160712491 -0.063434938811 -0.987299919440 0.145653278753 -83.298042397284 0.109840833679 -0.151967591649 -0.982263122766 -2187.750129909819 0.000000000000 0.000000000000 0.000000000000 1.000000000000 |	
3474994695.7615	0.991728056870 -0.046842043938 0.119504326851 365.922523857872 -0.063482229730 -0.988188025852 0.139479145648 -83.422854011655 0.111559256563 -0.145911783218 -0.982987428095 -2187.782641274585 0.000000000000 0.000000000000 0.000000000000 1.000000000000 |	
3474994695.8292	0.991660930730 -0.046087629333 0.120351688343 365.833434902258 -0.061754786098 -0.989604740798 0.129879957594 -83.364092963816 0.113114742003 -0.136229172401 -0.984198490005 -2188.108681983289 0.000000000000 0.000000000000 0.000000000000 1.000000000000 |	
3474994695.8960	0.991832744027 -0.044219477964 0.119634633965 365.595658991261 -0.059750675915 -0.989774629125 0.129522354316 -83.421153300060 0.112683914571 -0.135612762337 -0.984333030071 -2188.419257350176 0.000000000000 0.000000000000 0.000000000000 1.000000000000 |	
3474994695.9283	0.991783193510 -0.044271345288 0.120025601678 365.481998476283 -0.059584779697 -0.990090818733 0.127160625542 -83.522842389851 0.113206674274 -0.133267470323 -0.984593332424 -2188.132451674430 0.000000000000 0.000000000000 0.000000000000 1.000000000000 |	
3474994695.9970	0.991948650632 -0.044904169660 0.118412372902 365.308133434890 -0.059895881808 -0.990188034026 0.126254269687 -83.595249280851 0.111581171582 -0.132330165944 -0.984905259063 -2188.376397860433 0.000000000000 0.000000000000 0.000000000000 1.000000000000 |	
3474994696.0618	0.992287305669 -0.046106763557 0.115065500318 365.431449222361 -0.060703198363 -0.990074027922 0.126761748735 -83.487713258884 0.108078789397 -0.132768918005 -0.985236717593 -2188.809292409716 0.000000000000 0.000000000000 0.000000000000 1.000000000000 |	
3474994696.0941	0.992273339793 -0.046786579285 0.114911422994 365.382555316641 -0.061529109282 -0.989824825943 0.128300361095 -83.518065754233 0.107739444247 -0.134379425303 -0.985055522399 -2188.483985544311 0.000000000000 0.000000000000 0.000000000000 1.000000000000 |	
3474994696.1605	0.992393810834 -0.049042341477 0.112913121297 365.477093375877 -0.063272085759 -0.989996885345 0.126106344690 -83.439831645983 0.105599087980 -0.132291404672 -0.985569792997 -2188.740178064421 0.000000000000 0.000000000000 0.000000000000 1.000000000000 |	
3474994696.2261	0.992401489189 -0.050030966578 0.112410794141 365.469852961641 -0.064397050833 -0.989675854247 0.128041881288 -83.464907137294 0.104844189635 -0.134307877293 -0.985377638267 -2188.394773610664 0.000000000000 0.000000000000 0.000000000000 1.000000000000 |	
3474994696.2583	0.992430055948 -0.050603804979 0.111901023108 365.475712518573 -0.064725466980 -0.989865169673 0.126402372575 -83.456689480814 0.104370484214 -0.132688359663 -0.985647300628 -2188.480353367757 0.000000000000 0.000000000000 0.000000000000 1.000000000000 |	
3474994696.2905	0.992426912994 -0.051087210044 0.111709083498 365.438955965543 -0.065153444440 -0.989871382266 0.126133561152 -83.497666711028 0.104133813162 -0.132456572284 -0.985703507864 -2188.462278935824 0.000000000000 0.000000000000 0.000000000000 1.000000000000 |	
3474994696.3590	0.992586024419 -0.051310013871 0.110182878004 365.479964010346 -0.065494774826 -0.989447337819 0.129245503418 -83.425709127800 0.102388566741 -0.135503683197 -0.985472137222 -2188.589605124654 0.000000000000 0.000000000000 0.000000000000 1.000000000000 |	
3474994696.3912	0.992602359419 -0.051739340485 0.109834405909 365.512246459846 -0.065823165044 -0.989490799908 0.128744972100 -83.445700542038 0.102018954213 -0.135022211298 -0.985576549760 -2188.514863202139 0.000000000000 0.000000000000 0.000000000000 1.000000000000 |	
3474994696.4599	0.992593361469 -0.052578822440 0.109516602388 365.462139288120 -0.066708097395 -0.989315578153 0.129633007242 -83.498521950757 0.101530529939 -0.135978506594 -0.985495508480 -2188.261532298560 0.000000000000 0.000000000000 0.000000000000 1.000000000000 |	
3474994696.4921	0.992587556313 -0.052940755488 0.109394787173 365.495216709678 -0.066953920205 -0.989423527996 0.128678882562 -83.502419352514 0.101425419011 -0.135049467442 -0.985634072931 -2188.147679214719 0.000000000000 0.000000000000 0.000000000000 1.000000000000 |	
3474994696.5266	0.992679120599 -0.053282151640 0.108393615326 365.513339336551 -0.067053861549 -0.989548542529 0.127661511939 -83.459718131023 0.100458664028 -0.133995127881 -0.985876951007 -2188.491344324408 0.000000000000 0.000000000000 0.000000000000 1.000000000000 |	
3474994696.5944	0.992758259771 -0.053593599566 0.107511691186 365.515825149960 -0.067164825096 -0.989642928463 0.126869067989 -83.461339186473 0.099598814882 -0.133171319090 -0.986075796197 -2188.628466161214 0.000000000000 0.000000000000 0.000000000000 1.000000000000 |	
3474994696.6269	0.992792218528 -0.053699291343 0.107144747607 365.531715633435 -0.067172474741 -0.989703836455 0.126388981892 -83.478332691734 0.099254569002 -0.132675175582 -0.986177381771 -2188.523674909563 0.000000000000 0.000000000000 0.000000000000 1.000000000000 |	
3474994696.6933	0.992836796947 -0.053931510730 0.106613726966 365.572957094358 -0.067400904731 -0.989601085309 0.127070098751 -83.419985431201 0.098651977520 -0.133345731486 -0.986147404411 -2188.482914794917 0.000000000000 0.000000000000 0.000000000000 1.000000000000 |	
3474994696.7260	0.992783752110 -0.054297139846 0.106921663619 365.584630147526 -0.067660812149 -0.989769160168 0.125614585457 -83.413398005870 0.099007252490 -0.131942526067 -0.986300529134 -2188.406945340760 0.000000000000 0.000000000000 0.000000000000 1.000000000000 |	
3474994696.7910	0.992693536705 -0.054298399468 0.107755398938 365.645241042589 -0.067763439931 -0.989774491312 0.125517220161 -83.405639550433 0.099838161009 -0.131902009702 -0.986222186651 -2188.209022568990 0.000000000000 0.000000000000 0.000000000000 1.000000000000 |	
3474994696.8232	0.992733934381 -0.053824493647 0.107620906021 365.726718840827 -0.067358329623 -0.989694785360 0.126360940409 -83.272319296489 0.099710535851 -0.132691957987 -0.986129126091 -2188.334082653940 0.000000000000 0.000000000000 0.000000000000 1.000000000000 |	
3474994696.8553	0.992713730942 -0.053329310524 0.108052917771 365.798824297455 -0.067211203005 -0.989337750373 0.129203211557 -83.319611839726 0.100010512399 -0.135524168786 -0.985713496450 -2188.226697720682 0.000000000000 0.000000000000 0.000000000000 1.000000000000 |	
3474994696.9238	0.992728307465 -0.052918039999 0.108121175542 366.033218231926 -0.066819728327 -0.989352631435 0.129292283527 -83.112055225716 0.100128075305 -0.135576737370 -0.985694332346 -2188.436617580580 0.000000000000 0.000000000000 0.000000000000 1.000000000000 |	
3474994696.9560	0.992590410489 -0.052936997593 0.109370705820 366.071847729003 -0.067104080575 -0.989213353819 0.130207461368 -83.148288245795 0.101298170645 -0.136581898184 -0.985435977480 -2188.131498536871 0.000000000000 0.000000000000 0.000000000000 1.000000000000 |	
3474994697.0247	0.992384321716 -0.053501575631 0.110954672807 366.350786651406 -0.067753524922 -0.989335030646 0.128940517287 -83.064304011465 0.102872823785 -0.135476117978 -0.985425493675 -2188.141430140501 0.000000000000 0.000000000000 0.000000000000 1.000000000000 |	
3474994697.0893	0.992355140242 -0.053756278018 0.111092475936 366.530803170387 -0.068070633654 -0.989257914652 0.129364473999 -83.043102496072 0.102944958448 -0.135937635969 -0.985354400537 -2188.158201712959 0.000000000000 0.000000000000 0.000000000000 1.000000000000 |	
3474994697.1215	0.992515296099 -0.053451924475 0.109801087328 366.740187312537 -0.067768320517 -0.989050770479 0.131095492485 -82.953672959904 0.101591543658 -0.137555316820 -0.985270365469 -2188.285621684186 0.000000000000 0.000000000000 0.000000000000 1.000000000000 |	
3474994697.1887	0.992638685673 -0.053192742255 0.108807039645 367.026719959025 -0.067773802112 -0.988520187973 0.135035364688 -82.791361081184 0.100375053934 -0.141415593697 -0.984848454539 -2187.919051132395 0.000000000000 0.000000000000 0.000000000000 1.000000000000 |	
3474994697.2548	0.992788319885 -0.053747636347 0.107156630628 367.504724626544 -0.068093514687 -0.988494015907 0.135066108904 -82.437545654012 0.098664204036 -0.141388726934 -0.985025178733 -2187.836074422648 0.000000000000 0.000000000000 0.000000000000 1.000000000000 |	
3474994697.2869	0.992879224406 -0.054281891692 0.106039247344 367.726372750489 -0.068258082854 -0.988767004355 0.132968587355 -82.266863738085 0.097630322484 -0.139259783615 -0.985431394263 -2187.777839422757 0.000000000000 0.000000000000 0.000000000000 1.000000000000 |	
3474994697.3551	0.993101064720 -0.055028708442 0.103547653276 368.104894691240 -0.069005814767 -0.988213201127 0.136648697934 -82.085247477338 0.094807556555 -0.142851357592 -0.985192883071 -2187.580539355677 0.000000000000 0.000000000000 0.000000000000 1.000000000000 |	
3474994697.3873	0.993304142960 -0.055508701136 0.101319611514 368.381959532097 -0.069576408722 -0.987552222032 0.141066410276 -81.823662786971 0.092227994277 -0.147171304462 -0.984801809612 -2187.886112753358 0.000000000000 0.000000000000 0.000000000000 1.000000000000 |	
3474994697.4559	0.993072032842 -0.057848744988 0.102281280253 368.534670416349 -0.072357115542 -0.986874716984 0.144370152071 -81.825135064284 0.092587177392 -0.150770738812 -0.984223449680 -2187.252126497601 0.000000000000 0.000000000000 0.000000000000 1.000000000000 |	
3474994697.4903	0.992958193038 -0.058741243364 0.102876106105 368.813613201389 -0.073233857896 -0.986965394357 0.143304265113 -81.613979722340 0.093117285919 -0.149829158277 -0.984317222441 -2187.223073206661 0.000000000000 0.000000000000 0.000000000000 1.000000000000 |	
3474994697.5593	0.992784944662 -0.060161361817 0.103723980816 369.027356520108 -0.074948943463 -0.986567706906 0.145144119975 -81.541239670041 0.093598661987 -0.151870899892 -0.983958596812 -2187.277980270695 0.000000000000 0.000000000000 0.000000000000 1.000000000000 |	
3474994697.6269	0.992874939275 -0.060310909741 0.102771343897 369.419811074199 -0.075119654814 -0.986290071161 0.146931729010 -81.319618090041 0.092500769839 -0.153604979397 -0.983793229232 -2187.402073410254 0.000000000000 0.000000000000 0.000000000000 1.000000000000 |	
3474994697.6593	0.992865101224 -0.060371412076 0.102830848362 369.441651804246 -0.075147374203 -0.986353742688 0.146489475510 -81.237867763628 0.092583815655 -0.153171756172 -0.983852961672 -2187.334833137524 0.000000000000 0.000000000000 0.000000000000 1.000000000000 |	
3474994697.7284	0.992679816419 -0.061284857893 0.104071841856 369.148180349923 -0.076154519875 -0.986420139657 0.145519061234 -81.394116278743 0.093740445789 -0.152379376141 -0.983866482075 -2187.368737982782 0.000000000000 0.000000000000 0.000000000000 1.000000000000 |	
3474994697.7934	0.992402213801 -0.061439287908 0.106597654496 368.543198835639 -0.076912198266 -0.986034142371 0.147719950706 -81.629889878263 0.096033118248 -0.154796266041 -0.983267896465 -2187.337370686497 0.000000000000 0.000000000000 0.000000000000 1.000000000000 |	
3474994697.8259	0.992312485015 -0.061311276795 0.107502834476 368.251012609268 -0.076955984392 -0.985986078380 0.148017666873 -81.758306961767 0.096921146035 -0.155152765293 -0.983124565288 -2187.519890464600 0.000000000000 0.000000000000 0.000000000000 1.000000000000 |	
3474994697.8932	0.992269560818 -0.060058785757 0.108600464676 367.722250640874 -0.076004809311 -0.985876761253 0.149232304088 -82.015096479925 0.098103963406 -0.156332830446 -0.982820257468 -2187.746029178072 0.000000000000 0.000000000000 0.000000000000 1.000000000000 |	
3474994697.9256	0.992336482323 -0.058526260126 0.108825469103 367.409217813967 -0.074552132607 -0.985935596925 0.149575994865 -82.034526056092 0.098540780256 -0.156542887388 -0.982743119556 -2187.839584913825 0.000000000000 0.000000000000 0.000000000000 1.000000000000 |	
3474994697.9600	0.992324980652 -0.057464882450 0.109493927042 367.284120784609 -0.073631960497 -0.985961762163 0.149859060274 -82.148053467458 0.099345191970 -0.156771141597 -0.982625738516 -2187.594591510333 0.000000000000 0.000000000000 0.000000000000 1.000000000000 |	
3474994698.0287	0.992488641169 -0.056095007449 0.108718201281 366.866934207986 -0.071829940843 -0.986569876374 0.146698120742 -82.361656726499 0.099029070221 -0.153405440483 -0.983188697088 -2187.947571931018 0.000000000000 0.000000000000 0.000000000000 1.000000000000 |	
3474994698.0625	0.992575533579 -0.055508987023 0.108224592860 366.805702987638 -0.071180029945 -0.986603436567 0.146789176339 -82.437279082415 0.098626636752 -0.153402774789 -0.983229563841 -2188.178466902313 0.000000000000 0.000000000000 0.000000000000 1.000000000000 |	
3474994698.1295	0.992388533385 -0.055226777089 0.110068169329 366.529340822362 -0.070469168165 -0.987669709327 0.139794998539 -82.545842519413 0.100990569584 -0.146487365908 -0.984043879349 -2187.672740743452 0.000000000000 0.000000000000 0.000000000000 1.000000000000 |	
3474994698.1626	0.992345741295 -0.055424177856 0.110354384791 366.378056036782 -0.070548314591 -0.987882454800 0.138243230598 -82.623701718018 0.101355143145 -0.144970397002 -0.984231029256 -2187.907127536364 0.000000000000 0.000000000000 0.000000000000 1.000000000000 |	
3474994698.2283	0.992296199198 -0.056247531470 0.110383278898 366.273312605169 -0.070617196388 -0.988874649974 0.130920350644 -82.605326031513 0.101791279740 -0.137706724026 -0.985228599629 -2188.214493270750 0.000000000000 0.000000000000 0.000000000000 1.000000000000 |	
3474994698.2607	0.992350368638 -0.056462723487 0.109784820086 366.144129048616 -0.070660396055 -0.988984491101 0.130064540870 -82.685193186468 0.101231686217 -0.136827033947 -0.985408802724 -2188.379050179962 0.000000000000 0.000000000000 0.000000000000 1.000000000000 |	
3474994698.3284	0.992431767459 -0.056880552695 0.108829176530 366.024711363101 -0.070526071889 -0.989525904441 0.125954585562 -82.722908472353 0.100524922894 -0.132676626297 -0.986048504239 -2188.698190868437 0.000000000000 0.000000000000 0.000000000000 1.000000000000 |	
3474994698.3953	0.992332591169 -0.058179536822 0.109046641390 365.872475303308 -0.071428633742 -0.989978226552 0.121823894352 -82.711740903090 0.100866142908 -0.128678873357 -0.986543343582 -2188.573988984384 0.000000000000 0.000000000000 0.000000000000 1.000000000000 |	
3474994698.4276	0.992409339964 -0.058915831141 0.107947333419 365.857458632069 -0.072036087225 -0.989914735238 0.121982044156 -82.674815759143 0.099671982466 -0.128832223454 -0.986644694969 -2188.907294558064 0.000000000000 0.000000000000 0.000000000000 1.000000000000 |	
3474994698.4964	0.992432916989 -0.060112103477 0.107067456740 365.919266570489 -0.073250651317 -0.989656963450 0.123342761345 -82.656303718051 0.098545661289 -0.130252177372 -0.986571397787 -2188.637816898065 0.000000000000 0.000000000000 0.000000000000 1.000000000000 |	
3474994698.5611	0.992401642495 -0.062012391470 0.106270613425 365.946308465788 -0.074701890350 -0.989969155980 0.119919547138 -82.739435325428 0.097768131576 -0.126946971259 -0.987079459282 -2188.680173556649 0.000000000000 0.000000000000 0.000000000000 1.000000000000 |	
3474994698.5934	0.992417904291 -0.062489961950 0.105838121197 365.972300095139 -0.075139284231 -0.989915765657 0.120086905481 -82.707156678792 0.097266598627 -0.127128995742 -0.987105580591 -2188.714242464395 0.000000000000 0.000000000000 0.000000000000 1.000000000000 |	
3474994698.6599	0.992319511684 -0.062961673597 0.106479173503 365.922710367118 -0.075552329834 -0.990054418195 0.118676427605 -82.625643900391 0.097948109674 -0.125809684326 -0.987207217934 -2188.291015874204 0.000000000000 0.000000000000 0.000000000000 1.000000000000 |	
3474994698.7256	0.992407963975 -0.063610091080 0.105262478367 365.953160865009 -0.075881283780 -0.990227643488 0.117009592957 -82.684947391369 0.096790825036 -0.124108703905 -0.987536614918 -2188.646222632556 0.000000000000 0.000000000000 0.000000000000 1.000000000000 |	
3474994698.7581	0.992554112523 -0.063463991103 0.103964684134 365.974297396999 -0.075609615851 -0.990203448075 0.117389596688 -82.667722948843 0.095496176388 -0.124376256789 -0.987628992609 -2189.016723104490 0.000000000000 0.000000000000 0.000000000000 1.000000000000 |	
3474994698.7904	0.992576330177 -0.063142720265 0.103948187332 365.958954530398 -0.075371707083 -0.990117374051 0.118265343078 -82.678485140114 0.095453310804 -0.125222132547 -0.987526244197 -2188.808867837999 0.000000000000 0.000000000000 0.000000000000 1.000000000000 |	
3474994698.8591	0.992608314725 -0.062875207018 0.103804825910 365.932317728630 -0.075043812076 -0.990195262525 0.117820916407 -82.667085458782 0.095379032333 -0.124739931122 -0.987594446002 -2188.698493964920 0.000000000000 0.000000000000 0.000000000000 1.000000000000 |	
3474994698.8914	0.992580799262 -0.062868512228 0.104071644103 365.904532024552 -0.075011848310 -0.990269854203 0.117212791407 -82.700163245197 0.095690018023 -0.124149772560 -0.987638726673 -2188.532817380252 0.000000000000 0.000000000000 0.000000000000 1.000000000000 |	
3474994698.9258	0.992666365454 -0.062681947367 0.103365663404 365.930061307711 -0.074774367104 -0.990242023049 0.117599021308 -82.689568593713 0.094985687979 -0.124465695124 -0.987666952883 -2188.812784646090 0.000000000000 0.000000000000 0.000000000000 1.000000000000 |	
3474994698.9948	0.992778346604 -0.062397587301 0.102458262790 365.964644348111 -0.074452557212 -0.990171378304 0.118395347514 -82.715357603324 0.094063655253 -0.125168617023 -0.987666363745 -2188.925120575814 0.000000000000 0.000000000000 0.000000000000 1.000000000000 |	
3474994699.0289	0.992723467375 -0.062438014817 0.102964127878 365.942558644017 -0.074493116044 -0.990247657559 0.117729997714 -82.724995082876 0.094609159102 -0.124543450271 -0.987693290454 -2188.708753689953 0.000000000000 0.000000000000 0.000000000000 1.000000000000 |	
3474994699.0965	0.992773924744 -0.062478820194 0.102451605044 366.050634084384 -0.074282590164 -0.990494442696 0.115770703489 -82.592963502520 0.094244528475 -0.122544506263 -0.987978143907 -2188.752212473866 0.000000000000 0.000000000000 0.000000000000 1.000000000000 |	
3474994699.1629	0.992823034426 -0.062093725619 0.102209547261 366.175849686344 -0.074143778059 -0.990162153955 0.118665955732 -82.638599117940 0.093835614175 -0.125392496241 -0.987659657675 -2188.622687901568 0.000000000000 0.000000000000 0.000000000000 1.000000000000 |	
3474994699.1958	0.992857681525 -0.062165483785 0.101828664248 366.277049920256 -0.074108492206 -0.990238847634 0.118046414685 -82.589238279150 0.093496286663 -0.124749658367 -0.987773236688 -2188.716320402674 0.000000000000 0.000000000000 0.000000000000 1.000000000000 |	
3474994699.2609	0.992803134856 -0.062477308522 0.102169082113 366.463474991597 -0.074420353615 -0.990268122673 0.117603810251 -82.544980836253 0.093827215603 -0.124360890708 -0.987790879931 -2188.533465881784 0.000000000000 0.000000000000 0.000000000000 1.000000000000 |	
3474994699.2933	0.992783880710 -0.062411804209 0.102395961335 366.538081715428 -0.074388577336 -0.990264186974 0.117657042111 -82.514029513662 0.094055865125 -0.124425104748 -0.987761047796 -2188.384898250255 0.000000000000 0.000000000000 0.000000000000 1.000000000000 |	
3474994699.3255	0.992806177716 -0.062144829215 0.102342140351 366.726023521046 -0.074059114167 -0.990359080200 0.117064682436 -82.416112951168 0.094080503287 -0.123801908171 -0.987837003981 -2188.429231191951 0.000000000000 0.000000000000 0.000000000000 1.000000000000 |	
3474994699.3944	0.992630075453 -0.061949197830 0.104152917361 367.010706495872 -0.073894236932 -0.990608045038 0.115044960143 -82.341651107375 0.096047774857 -0.121893387820 -0.987885027192 -2188.029012154942 0.000000000000 0.000000000000 0.000000000000 1.000000000000 |	
3474994699.4603	0.992677154348 -0.061221261544 0.104134645389 367.294436259986 -0.073497550803 -0.990234850544 0.118461178426 -82.153197238618 0.095865412226 -0.125247346891 -0.987483126355 -2188.325989335072 0.000000000000 0.000000000000 0.000000000000 1.000000000000 |	
3474994699.4929	0.992769631617 -0.060181509643 0.103858771590 367.597097317487 -0.072579146310 -0.990111567998 0.120047284177 -81.898827223019 0.095607144399 -0.126717279067 -0.987320619214 -2188.433829961634 0.000000000000 0.000000000000 0.000000000000 1.000000000000 |	
3474994699.5612	0.992819867033 -0.059785360153 0.103607057361 367.995713122750 -0.072243888013 -0.990020105596 0.121000046121 -81.826405920570 0.095339038533 -0.127616226350 -0.987230756462 -2188.336728403940 0.000000000000 0.000000000000 0.000000000000 1.000000000000 |	
3474994699.6282	0.992870636882 -0.060428544349 0.102743804896 368.425041489689 -0.072956636817 -0.989732303592 0.122911742200 -81.662849497572 0.094261485035 -0.129531302218 -0.987084805974 -2188.107273718773 0.000000000000 0.000000000000 0.000000000000 1.000000000000 |	
3474994699.6605	0.992873822844 -0.060928424366 0.102417278895 368.563962536076 -0.073657749627 -0.989356010212 0.125495900241 -81.602262449702 0.093680882958 -0.132145420510 -0.986793534640 -2188.040743075296 0.000000000000 0.000000000000 0.000000000000 1.000000000000 |	
3474994699.7294	0.992790180640 -0.061162605500 0.103086337184 368.964474584032 -0.074375850922 -0.988767923652 0.129638828893 -81.298825225259 0.093999415025 -0.136371290401 -0.986188106362 -2187.733559328719 0.000000000000 0.000000000000 0.000000000000 1.000000000000 |	
3474994699.7942	0.992425951135 -0.062275758301 0.105888910854 369.262217751714 -0.075371201162 -0.989347044268 0.124545606238 -81.016432780574 0.097004708902 -0.131583266131 -0.986547480117 -2187.398169363421 0.000000000000 0.000000000000 0.000000000000 1.000000000000 |	
3474994699.8265	0.992338186288 -0.063132224105 0.106203796142 369.322039879125 -0.075973642998 -0.989670753770 0.121572220109 -81.028949426910 0.097431666336 -0.128709445699 -0.986884465874 -2187.658269866543 0.000000000000 0.000000000000 0.000000000000 1.000000000000 |	
3474994699.8934	0.992273019152 -0.063480562407 0.106604285368 369.537814893082 -0.076144144379 -0.989938617604 0.119262746289 -81.001376185869 0.097960832679 -0.126458497429 -0.987123053975 -2187.662038555464 0.000000000000 0.000000000000 0.000000000000 1.000000000000 |	
3474994699.9256	0.992276450112 -0.063002983916 0.106855372211 369.533406631028 -0.075898270681 -0.989715092304 0.121257942314 -80.948035772426 0.098116762382 -0.128431538511 -0.986852795940 -2187.750665468855 0.000000000000 0.000000000000 0.000000000000 1.000000000000 |	
3474994699.9600	0.992200789312 -0.062930100799 0.107598309014 369.430644949499 -0.075901785437 -0.989739566337 0.121055812728 -81.022584166757 0.098876249205 -0.128278576704 -0.986796885941 -2187.728404213657 0.000000000000 0.000000000000 0.000000000000 1.000000000000 |	
3474994700.0284	0.991987647905 -0.062614474795 0.109726632817 368.756083890454 -0.075989942534 -0.989580440206 0.122295057118 -81.316956281616 0.100925888834 -0.129653306583 -0.986409643635 -2187.813610215803 0.000000000000 0.000000000000 0.000000000000 1.000000000000 |	
3474994700.0621	0.991854174341 -0.062604366900 0.110932367175 368.283812171199 -0.076064850655 -0.989661756959 0.121588425876 -81.551355718004 0.102173554978 -0.129036041699 -0.986362136645 -2187.815298540959 0.000000000000 0.000000000000 0.000000000000 1.000000000000 |	
3474994700.1290	0.991939382774 -0.061717835968 0.110666931040 367.360364748343 -0.075493103637 -0.989286620403 0.124951086408 -81.963637802449 0.101769603544 -0.132298493622 -0.985971630616 -2188.259318261109 0.000000000000 0.000000000000 0.000000000000 1.000000000000 |	
3474994700.1620	0.992065898171 -0.060452798991 0.110230271614 367.130906973287 -0.074466679825 -0.988999709863 0.127805662966 -82.008221302036 0.101291496592 -0.135000122165 -0.985654604683 -2188.461125503877 0.000000000000 0.000000000000 0.000000000000 1.000000000000 |	
3474994700.2275	0.991872628611 -0.060194741566 0.112094967325 366.775963705569 -0.074178491218 -0.989369869843 0.125079223245 -82.386154241171 0.103374271714 -0.132377693494 -0.985794048579 -2188.652011053391 0.000000000000 0.000000000000 0.000000000000 1.000000000000 |	
3474994700.2599	0.991686786192 -0.060861015535 0.113372196235 366.677544263368 -0.074613211408 -0.989807427674 0.121301792258 -82.480398143288 0.104834091662 -0.128752448169 -0.986119982718 -2188.704296098590 0.000000000000 0.000000000000 0.000000000000 1.000000000000 |	
3474994700.3276	0.991577005904 -0.060808002223 0.114356583670 366.446959900894 -0.073865616099 -0.990771184297 0.113650037944 -82.534494386525 0.106390376075 -0.121139783853 -0.986917545009 -2188.898170068150 0.000000000000 0.000000000000 0.000000000000 1.000000000000 |	
3474994700.3944	0.991881970065 -0.058948124646 0.112673315657 366.344064065177 -0.072360826714 -0.990263450219 0.118921023870 -82.539360511742 0.104566094972 -0.126108753708 -0.986489996919 -2189.139542906071 0.000000000000 0.000000000000 0.000000000000 1.000000000000 |	
3474994700.4266	0.991847372628 -0.058300061745 0.113313248173 366.145045794745 -0.071893712502 -0.990186472493 0.119841744788 -82.671736131611 0.105214464374 -0.127011229786 -0.986305259032 -2188.522111294459 0.000000000000 0.000000000000 0.000000000000 1.000000000000 |	
3474994700.4953	0.992205269573 -0.056243318303 0.111199784973 365.978750352674 -0.069895786888 -0.989947264641 0.122959311174 -82.609302275789 0.103166283286 -0.129773272962 -0.986162063566 -2188.520210720672 0.000000000000 0.000000000000 0.000000000000 1.000000000000 |	
3474994700.5599	0.992528594909 -0.054872236242 0.108977180993 365.896565864091 -0.068127537376 -0.990201943320 0.121896472863 -82.688923440540 0.101220684341 -0.128410081906 -0.986542053805 -2188.772993374030 0.000000000000 0.000000000000 0.000000000000 1.000000000000 |	
3474994700.5921	0.992517068546 -0.054284229060 0.109375916547 365.837064461172 -0.067644317291 -0.990173256793 0.122397581146 -82.789873626822 0.101656849171 -0.128880347639 -0.986435877799 -2188.497761347284 0.000000000000 0.000000000000 0.000000000000 1.000000000000 |	
3474994700.6588	0.992500848262 -0.054482715050 0.109424402944 365.746562464464 -0.067095543767 -0.991084661403 0.115105959612 -82.733576526904 0.102177562143 -0.121584652372 -0.987307914534 -2188.557972835917 0.000000000000 0.000000000000 0.000000000000 1.000000000000 |	
3474994700.6930	0.992559537828 -0.054254567343 0.109004613618 365.673548877300 -0.066894126339 -0.991010084413 0.115862800124 -82.697132224948 0.101738585251 -0.122292495737 -0.987265823250 -2188.642224786835 0.000000000000 0.000000000000 0.000000000000 1.000000000000 |	
3474994700.7621	0.992745944803 -0.054150622013 0.107346165336 365.690736042852 -0.066809828707 -0.990754267809 0.118078057262 -82.739874152559 0.099959671193 -0.124393291435 -0.987185075445 -2188.928824772689 0.000000000000 0.000000000000 0.000000000000 1.000000000000 |	
3474994700.7946	0.992784540459 -0.054088934205 0.107019827236 365.635035077273 -0.066879929580 -0.990544025139 0.119789854665 -82.725527409901 0.099528544873 -0.126082994324 -0.987014258913 -2188.840339732339 0.000000000000 0.000000000000 0.000000000000 1.000000000000 |	
3474994700.8639	0.992817063034 -0.054220876059 0.106650719396 365.651344369889 -0.067012680146 -0.990476957810 0.120269267679 -82.695798000227 0.099113975039 -0.126552331657 -0.986995910480 -2188.748801653680 0.000000000000 0.000000000000 0.000000000000 1.000000000000 |	
3474994700.8971	0.992845782734 -0.054357328837 0.106313369380 365.664416657159 -0.067038924789 -0.990555922631 0.119602452753 -82.687248264688 0.098808067840 -0.125873924794 -0.987113327226 -2188.963929361953 0.000000000000 0.000000000000 0.000000000000 1.000000000000 |	
3474994700.9628	0.992738726879 -0.054394462700 0.107289620102 365.683668277134 -0.067189767243 -0.990558186674 0.119499012510 -82.693887092882 0.099776526958 -0.125840062145 -0.987020224427 -2188.636982853388 0.000000000000 0.000000000000 0.000000000000 1.000000000000 |	
3474994700.9953	0.992838061769 -0.054207773269 0.106461732189 365.702041644825 -0.066863313526 -0.990622199878 0.119150973193 -82.629145917632 0.099004446404 -0.125416005461 -0.987151936212 -2189.043770043043 0.000000000000 0.000000000000 0.000000000000 1.000000000000 |	
3474994701.0634	0.992902773110 -0.053982284939 0.105971675762 365.795143733557 -0.066620834085 -0.990584683364 0.119597865991 -82.603991744353 0.098517752800 -0.125808974229 -0.987150623961 -2189.128065039109 0.000000000000 0.000000000000 0.000000000000 1.000000000000 |	
3474994701.1302	0.992822904476 -0.054410094426 0.106499868416 365.735448065548 -0.067096106161 -0.990575139464 0.119411078268 -82.674193977247 0.098998953965 -0.125699780030 -0.987116392537 -2188.818486712390 0.000000000000 0.000000000000 0.000000000000 1.000000000000 |	
3474994701.1632	0.992849931079 -0.054083425721 0.106414272625 365.775155128415 -0.066858148813 -0.990471837892 0.120397368241 -82.538034490731 0.098888838062 -0.126651180036 -0.987005813712 -2188.823997458044 0.000000000000 0.000000000000 0.000000000000 1.000000000000 |	
3474994701.2286	0.992683832938 -0.054599397035 0.107692681581 365.778601172933 -0.067556791236 -0.990400300404 0.120595708536 -82.749499391313 0.100074411218 -0.126988782193 -0.986842926416 -2188.479409024084 0.000000000000 0.000000000000 0.000000000000 1.000000000000 |	
3474994701.2609	0.992721277904 -0.054465278474 0.107415072674 365.808729649816 -0.067464124591 -0.990313873104 0.121354953055 -82.716312552697 0.099765005337 -0.127718307923 -0.986780105967 -2188.623009436490 0.000000000000 0.000000000000 0.000000000000 1.000000000000 |	
3474994701.2931	0.992750153137 -0.054037295286 0.107364352391 365.857673784961 -0.067147977548 -0.990192400811 0.122515951971 -82.631556329674 0.099690935182 -0.128837029204 -0.986642152631 -2188.661301526050 0.000000000000 0.000000000000 0.000000000000 1.000000000000 |	
3474994701.3618	0.992830864382 -0.053735332351 0.106767920220 365.975320272049 -0.066703125578 -0.990303527005 0.121859006395 -82.578169645017 0.099184513756 -0.128107136641 -0.986788221339 -2188.856740983902 0.000000000000 0.000000000000 0.000000000000 1.000000000000 |	
